#
#  Files with color samples of orange/green Parrot cap
#
#  B, G, R
#

[53, 73, 31],
[62, 85, 41],
[46, 75, 30],
[55, 78, 34],
[58, 88, 39],
[55, 84, 38],
[35, 54, 21],
[ 37,  38, 128],
[ 33,  30, 109],
[ 34,  38, 127],
[ 14,  33, 124],
[ 42,  49, 122],
[ 31,  42, 122],
[ 28,  39, 119],
[ 18,  17, 115],
[ 39,  43, 132],

# colors taken from "navdata_150222_192109.bin"
[ 46  54 158]
[ 56  62 171]
[ 79 106  54]
[ 78 106  70]
[ 68 103  61]
[59 96 47]

[ 87 112 218]
[119 150  79]
[123 160 118]
[127 173  92]
[117 154 112]
[102 114 226]
[105 124 201]
[123 160 118]
[135 178 105]
[107 133  84]
[122 164  60]

